,HT,AT,SHT,AHT,+0.5,-0.5,+1.5,-1.5,+2.5,-2.5,+3.5,-3.5,OS
0,Chapecoense,Coritiba,2,1,1.09,1.09,1.45,2.65,2.4,1.53,4.3,1.18,3
1,Palmeiras,Atlético Mineiro,2,2,1.08,1.08,1.42,2.8,2.3,1.62,4.0,1.2,4
2,Fluminense,Joinville,1,0,1.08,1.08,1.38,2.9,2.2,1.65,3.75,1.22,1
3,Grêmio,Ponte Preta,3,3,1.09,1.09,1.42,2.7,2.35,1.57,4.2,1.2,6
4,Athletico-PR,Internacional,3,0,1.08,1.08,1.42,2.8,2.25,1.62,4.0,1.2,3
5,Cruzeiro,Corinthians,0,1,1.09,1.09,1.42,2.8,2.3,1.6,4.0,1.2,1
6,São Paulo,Flamengo,2,1,1.08,1.08,1.4,2.9,2.15,1.67,3.9,1.22,3
7,Sport Recife,Figueirense,4,1,1.08,1.08,1.42,2.75,2.25,1.62,4.1,1.2,5
8,Avaí,Santos,1,1,1.07,1.07,1.38,3.0,2.1,1.7,3.75,1.22,2
9,Vasco da Gama,Goiás,0,0,1.09,1.09,1.45,2.7,2.3,1.6,4.3,1.2,0
10,Coritiba,Grêmio,2,0,1.11,1.11,1.5,2.45,2.6,1.48,4.75,1.16,2
11,Goiás,Athletico-PR,2,0,1.1,1.1,1.48,2.5,2.5,1.5,4.6,1.17,2
12,Corinthians,Chapecoense,1,0,1.09,1.09,1.45,2.7,2.5,1.5,4.3,1.2,1
13,Figueirense,Vasco da Gama,0,0,1.09,1.09,1.45,2.7,2.4,1.53,4.3,1.2,0
14,Atlético Mineiro,Fluminense,4,1,1.08,1.08,1.4,2.9,2.2,1.65,3.9,1.22,5
15,Flamengo,Sport Recife,2,2,1.07,1.07,1.35,3.0,2.1,1.7,3.75,1.25,4
16,Santos,Cruzeiro,1,0,1.07,1.07,1.38,3.0,2.1,1.7,3.75,1.25,1
17,Internacional,Avaí,1,0,1.05,1.05,1.28,3.4,1.95,1.85,3.1,1.33,1
18,Joinville,Palmeiras,0,0,1.09,1.09,1.42,2.7,2.3,1.6,4.15,1.2,0
19,Ponte Preta,São Paulo,1,0,1.08,1.08,1.4,2.9,2.2,1.65,3.75,1.22,1
20,São Paulo,Joinville,3,0,1.08,1.08,1.38,3.0,2.1,1.7,3.75,1.22,3
21,Vasco da Gama,Internacional,1,1,1.09,1.09,1.42,2.7,2.35,1.57,4.25,1.2,2
22,Grêmio,Figueirense,1,0,1.08,1.08,1.38,2.9,2.15,1.67,3.8,1.22,1
23,Palmeiras,Goiás,0,1,1.08,1.08,1.4,2.9,2.15,1.67,3.9,1.22,1
24,Athletico-PR,Atlético Mineiro,1,0,1.07,1.07,1.35,3.1,2.05,1.75,3.5,1.28,1
25,Avaí,Flamengo,2,1,1.09,1.09,1.42,2.7,2.3,1.6,4.0,1.2,3
26,Chapecoense,Santos,1,0,1.09,1.09,1.45,2.7,2.3,1.6,4.3,1.2,1
27,Fluminense,Corinthians,0,0,1.1,1.1,1.48,2.6,2.4,1.53,4.4,1.18,0
28,Cruzeiro,Ponte Preta,1,1,1.07,1.07,1.38,3.0,2.2,1.65,3.75,1.25,2
29,Sport Recife,Coritiba,1,0,1.08,1.08,1.42,2.75,2.3,1.6,4.15,1.2,1
30,São Paulo,Joinville,3,0,1.08,1.08,1.38,3.0,2.1,1.7,3.75,1.22,3
31,Vasco da Gama,Internacional,1,1,1.09,1.09,1.42,2.7,2.35,1.57,4.25,1.2,2
32,Grêmio,Figueirense,1,0,1.08,1.08,1.38,2.9,2.15,1.67,3.8,1.22,1
33,Palmeiras,Goiás,0,1,1.08,1.08,1.4,2.9,2.15,1.67,3.9,1.22,1
34,Athletico-PR,Atlético Mineiro,1,0,1.07,1.07,1.35,3.1,2.05,1.75,3.5,1.28,1
35,Chapecoense,Santos,1,0,1.09,1.09,1.45,2.7,2.3,1.6,4.3,1.2,1
36,Fluminense,Corinthians,0,0,1.1,1.1,1.48,2.6,2.4,1.53,4.4,1.18,0
37,Cruzeiro,Ponte Preta,1,1,1.07,1.07,1.38,3.0,2.2,1.65,3.75,1.25,2
38,Sport Recife,Coritiba,1,0,1.08,1.08,1.42,2.75,2.3,1.6,4.15,1.2,1
39,Athletico-PR,Figueirense,1,0,1.09,1.09,1.45,2.7,2.35,1.57,4.3,1.18,1
40,Chapecoense,Joinville,2,0,1.09,1.09,1.45,2.65,2.4,1.53,4.3,1.18,2
41,Vasco da Gama,Ponte Preta,0,3,1.09,1.09,1.42,2.7,2.35,1.57,4.25,1.2,3
42,São Paulo,Santos,3,2,1.07,1.07,1.4,2.9,2.15,1.67,3.9,1.22,5
43,São Paulo,Santos,3,2,1.07,1.07,1.4,2.9,2.15,1.67,3.9,1.22,5
44,Cruzeiro,Flamengo,1,0,1.07,1.07,1.38,3.0,2.1,1.7,3.75,1.25,1
45,Grêmio,Corinthians,3,1,1.12,1.12,1.55,2.4,2.88,1.4,5.1,1.15,4
46,Fluminense,Coritiba,2,0,1.08,1.08,1.4,2.9,2.15,1.67,4.0,1.22,2
47,Sport Recife,Goiás,1,0,1.09,1.09,1.42,2.7,2.35,1.57,4.3,1.2,1
48,Atlético Mineiro,Cruzeiro,1,3,1.05,1.05,1.28,3.4,1.85,1.95,3.1,1.33,4
49,Flamengo,Chapecoense,1,0,1.09,1.09,1.45,2.7,2.3,1.6,4.3,1.18,1
50,Santos,Ponte Preta,2,2,1.07,1.07,1.35,3.0,2.05,1.75,3.5,1.25,4
51,Athletico-PR,Vasco da Gama,2,0,1.08,1.08,1.4,2.9,2.2,1.65,4.0,1.22,2
52,Joinville,Corinthians,0,1,1.11,1.11,1.5,2.45,2.7,1.44,4.9,1.16,1
53,São Paulo,Grêmio,2,0,1.09,1.09,1.45,2.7,2.4,1.53,4.3,1.18,2
54,Internacional,Coritiba,2,0,1.08,1.08,1.4,2.8,2.2,1.65,4.0,1.22,2
55,Figueirense,Palmeiras,2,1,1.09,1.09,1.45,2.7,2.4,1.53,4.3,1.2,3
56,Fluminense,Sport Recife,0,0,1.08,1.08,1.4,2.9,2.1,1.7,3.9,1.22,0
57,Goiás,Avaí,0,1,1.09,1.09,1.45,2.7,2.4,1.53,4.3,1.18,1
58,Atlético Mineiro,Santos,2,2,1.03,1.03,1.22,4.0,1.65,2.2,2.7,1.42,4
59,Chapecoense,São Paulo,0,1,1.11,1.11,1.5,2.45,2.6,1.48,4.8,1.16,1
60,Corinthians,Internacional,2,1,1.11,1.11,1.5,2.45,2.4,1.53,4.9,1.16,3
61,Coritiba,Flamengo,0,1,1.1,1.1,1.45,2.6,2.4,1.53,4.3,1.18,1
62,Sport Recife,Joinville,2,1,1.08,1.08,1.42,2.7,2.25,1.62,4.3,1.2,3
63,Vasco da Gama,Cruzeiro,1,3,1.09,1.09,1.45,2.7,2.35,1.57,4.6,1.2,4
64,Ponte Preta,Goiás,0,0,1.08,1.08,1.42,2.8,2.25,1.62,4.35,1.2,0
65,Avaí,Figueirense,1,1,1.09,1.09,1.45,2.65,2.4,1.53,4.3,1.18,2
66,Grêmio,Athletico-PR,2,1,1.09,1.09,1.47,2.75,2.25,1.62,4.7,1.2,3
67,Palmeiras,Fluminense,2,1,1.09,1.09,1.43,2.75,2.25,1.62,4.4,1.2,3
68,Figueirense,Internacional,0,0,1.1,1.1,1.48,2.55,2.5,1.5,4.5,1.18,0
69,Flamengo,Atlético Mineiro,0,2,1.06,1.06,1.3,3.2,1.95,1.85,3.2,1.3,2
70,Santos,Corinthians,1,0,1.09,1.09,1.42,2.8,2.3,1.6,4.35,1.2,1
71,Grêmio,Palmeiras,1,0,1.09,1.09,1.48,2.7,2.4,1.53,4.8,1.18,1
72,Athletico-PR,Coritiba,2,2,1.09,1.09,1.45,2.7,2.4,1.53,4.3,1.2,4
73,Joinville,Goiás,2,1,1.12,1.12,1.56,2.35,2.6,1.48,5.35,1.15,3
74,São Paulo,Avaí,1,1,1.06,1.06,1.33,3.45,2.0,1.8,3.4,1.31,2
75,Fluminense,Ponte Preta,2,0,1.09,1.09,1.42,2.8,2.25,1.62,4.25,1.2,2
76,Avaí,Grêmio,1,2,1.1,1.1,1.49,2.55,2.5,1.5,5.0,1.18,3
77,Chapecoense,Sport Recife,1,1,1.09,1.09,1.45,2.65,2.35,1.57,4.3,1.18,2
78,Corinthians,Figueirense,2,1,1.09,1.09,1.45,2.7,2.4,1.53,4.3,1.18,3
79,Atlético Mineiro,Joinville,1,0,1.03,1.03,1.2,4.4,1.65,2.2,2.6,1.48,1
80,Coritiba,Cruzeiro,1,0,1.09,1.09,1.42,2.7,2.25,1.62,4.2,1.2,1
81,Goiás,Fluminense,1,2,1.11,1.11,1.5,2.65,2.5,1.5,4.75,1.18,3
82,Palmeiras,São Paulo,4,0,1.09,1.09,1.45,2.65,2.35,1.57,4.5,1.18,4
83,Ponte Preta,Athletico-PR,2,1,1.07,1.07,1.41,3.0,2.1,1.7,4.35,1.25,3
84,Internacional,Santos,1,0,1.08,1.08,1.38,3.0,2.1,1.7,3.75,1.22,1
85,Vasco da Gama,Flamengo,1,0,1.09,1.09,1.45,2.7,2.3,1.6,4.55,1.2,1
86,Sport Recife,Internacional,3,0,1.08,1.08,1.42,2.8,2.25,1.62,4.25,1.2,3
87,Atlético Mineiro,Coritiba,2,0,1.03,1.03,1.21,4.15,1.7,2.1,2.75,1.45,2
88,Atlético Mineiro,Coritiba,2,0,1.03,1.03,1.21,4.15,1.7,2.1,2.75,1.45,2
89,Athletico-PR,São Paulo,2,1,1.09,1.09,1.45,2.7,2.3,1.6,4.4,1.2,3
90,Grêmio,Cruzeiro,1,0,1.08,1.08,1.42,2.8,2.25,1.62,4.0,1.2,1
91,Joinville,Flamengo,0,1,1.1,1.1,1.48,2.55,2.5,1.5,4.5,1.18,1
92,Corinthians,Ponte Preta,2,0,1.09,1.09,1.45,2.6,2.35,1.57,4.3,1.18,2
93,Fluminense,Santos,2,1,1.07,1.07,1.42,3.0,2.1,1.7,4.45,1.25,3
94,Coritiba,Joinville,0,0,1.1,1.1,1.45,2.6,2.4,1.53,4.4,1.18,0
95,Chapecoense,Vasco da Gama,1,0,1.11,1.11,1.52,2.4,2.6,1.48,5.0,1.16,1
96,Cruzeiro,Athletico-PR,2,0,1.08,1.08,1.38,3.0,2.15,1.67,3.75,1.22,2
97,Goiás,Corinthians,0,0,1.12,1.12,1.55,2.4,2.88,1.4,5.2,1.16,0
98,Santos,Grêmio,1,3,1.09,1.09,1.45,2.65,2.35,1.57,4.3,1.18,4
99,São Paulo,Fluminense,0,0,1.06,1.06,1.35,3.1,2.1,1.7,3.5,1.28,0
100,Ponte Preta,Palmeiras,0,2,1.07,1.07,1.35,3.0,2.05,1.75,3.5,1.25,2
101,Chapecoense,Grêmio,1,0,1.12,1.12,1.55,2.35,2.88,1.4,5.5,1.15,1
102,Coritiba,Ponte Preta,0,0,1.09,1.09,1.45,2.7,2.25,1.62,4.3,1.23,0
103,Goiás,Santos,4,1,1.1,1.1,1.46,2.65,2.35,1.57,4.55,1.18,5
104,Figueirense,Joinville,0,2,1.1,1.1,1.5,2.45,2.6,1.48,4.8,1.16,2
105,Figueirense,Joinville,0,2,1.1,1.1,1.5,2.45,2.6,1.48,4.8,1.16,2
106,Internacional,Flamengo,1,2,1.09,1.09,1.45,2.7,2.15,1.67,4.5,1.2,3
107,Vasco da Gama,São Paulo,0,4,1.1,1.1,1.48,2.55,2.35,1.57,4.6,1.17,4
108,Corinthians,Athletico-PR,2,0,1.09,1.09,1.45,2.7,2.35,1.57,4.45,1.2,2
109,Fluminense,Cruzeiro,1,0,1.08,1.08,1.4,2.8,2.25,1.62,4.0,1.22,1
110,Grêmio,Vasco da Gama,2,0,1.07,1.07,1.35,3.0,2.1,1.7,3.75,1.25,2
111,Santos,Figueirense,3,0,1.07,1.07,1.39,3.0,2.08,1.73,3.75,1.25,3
112,Ponte Preta,Atlético Mineiro,0,2,1.06,1.06,1.33,3.2,2.0,1.8,3.3,1.3,2
113,Flamengo,Corinthians,0,3,1.12,1.12,1.55,2.45,2.7,1.44,5.25,1.15,3
114,Avaí,Chapecoense,2,1,1.11,1.11,1.52,2.45,2.7,1.44,5.0,1.16,3
115,Flamengo,Grêmio,1,0,1.1,1.1,1.48,2.6,2.5,1.5,4.8,1.18,1
116,Internacional,Goiás,2,1,1.09,1.09,1.46,2.7,2.4,1.53,4.65,1.2,3
117,Corinthians,Atlético Mineiro,1,0,1.09,1.09,1.45,3.05,2.1,1.7,4.3,1.24,1
118,Athletico-PR,Chapecoense,1,0,1.09,1.09,1.48,2.7,2.4,1.53,4.8,1.18,1
119,Palmeiras,Santos,1,0,1.07,1.07,1.35,3.25,2.05,1.75,3.6,1.27,1
120,Sport Recife,São Paulo,2,0,1.07,1.07,1.38,3.1,2.1,1.7,3.75,1.25,2
121,Cruzeiro,Avaí,1,1,1.03,1.03,1.23,3.95,1.8,2.0,2.9,1.38,2
122,Avaí,Athletico-PR,1,2,1.08,1.08,1.42,2.8,2.25,1.62,4.0,1.2,3
123,Grêmio,Sport Recife,1,1,1.07,1.07,1.35,3.1,2.05,1.75,3.5,1.25,2
124,Chapecoense,Fluminense,2,1,1.09,1.09,1.42,2.7,2.35,1.57,4.15,1.2,3
125,Santos,Joinville,2,0,1.07,1.07,1.38,3.0,2.1,1.7,3.75,1.25,2
126,Goiás,Flamengo,0,1,1.1,1.1,1.48,2.6,2.4,1.53,4.4,1.18,1
127,Ponte Preta,Internacional,0,0,1.08,1.08,1.4,2.85,2.25,1.62,4.0,1.22,0
128,São Paulo,Cruzeiro,1,0,1.08,1.08,1.42,2.75,2.25,1.62,4.1,1.2,1
129,Atlético Mineiro,São Paulo,3,1,1.06,1.06,1.33,3.2,2.0,1.8,3.4,1.3,4
130,Corinthians,Vasco da Gama,3,0,1.07,1.07,1.35,3.0,2.1,1.7,3.6,1.25,3
131,Fluminense,Grêmio,1,0,1.1,1.1,1.48,2.6,2.5,1.5,4.4,1.18,1
132,Fluminense,Grêmio,1,0,1.1,1.1,1.48,2.6,2.5,1.5,4.4,1.18,1
133,Figueirense,Ponte Preta,3,1,1.1,1.1,1.45,2.6,2.4,1.53,4.4,1.18,4
134,Flamengo,Santos,2,2,1.07,1.07,1.35,3.0,2.1,1.7,3.75,1.25,4
135,Internacional,Chapecoense,0,0,1.08,1.08,1.42,2.7,2.35,1.57,4.2,1.2,0
136,Joinville,Avaí,2,0,1.09,1.09,1.42,2.7,2.4,1.53,4.25,1.2,2
137,Sport Recife,Cruzeiro,0,0,1.08,1.08,1.42,2.75,2.25,1.62,4.1,1.2,0
138,Avaí,Fluminense,1,0,1.08,1.08,1.42,2.8,2.25,1.62,4.0,1.2,1
139,Santos,Coritiba,3,0,1.06,1.06,1.33,3.2,1.95,1.85,3.4,1.3,3
140,Athletico-PR,Sport Recife,1,1,1.08,1.08,1.4,2.85,2.3,1.6,4.0,1.22,2
141,Vasco da Gama,Joinville,0,0,1.11,1.11,1.52,2.53,2.6,1.48,5.0,1.16,0
142,Cruzeiro,Palmeiras,2,1,1.09,1.09,1.44,2.72,2.25,1.62,4.25,1.2,3
143,Ponte Preta,Flamengo,1,0,1.09,1.09,1.45,2.7,2.15,1.67,4.3,1.2,1
144,São Paulo,Corinthians,1,1,1.12,1.12,1.55,2.45,2.7,1.44,5.25,1.15,2
145,Grêmio,Internacional,5,0,1.09,1.09,1.42,2.7,2.3,1.6,4.2,1.2,5
146,Coritiba,Palmeiras,2,1,1.09,1.09,1.44,2.8,2.35,1.57,4.0,1.2,3
147,Flamengo,Athletico-PR,3,2,1.08,1.08,1.38,2.9,2.1,1.7,3.75,1.22,5
148,Figueirense,São Paulo,0,2,1.09,1.09,1.42,2.7,2.3,1.6,4.1,1.2,2
149,Internacional,Fluminense,1,0,1.09,1.09,1.45,2.8,2.3,1.6,4.3,1.18,1
150,Ponte Preta,Avaí,2,0,1.08,1.08,1.38,3.0,2.05,1.75,3.75,1.22,2
151,Atlético Mineiro,Grêmio,0,2,1.07,1.07,1.38,3.0,2.1,1.7,3.75,1.25,2
152,Joinville,Cruzeiro,3,0,1.11,1.11,1.52,2.55,2.6,1.48,5.0,1.16,3
153,Athletico-PR,Santos,0,0,1.08,1.08,1.38,2.9,2.15,1.67,3.75,1.22,0
154,Vasco da Gama,Coritiba,0,1,1.09,1.09,1.42,2.81,2.35,1.57,4.3,1.2,1
155,São Paulo,Goiás,0,3,1.08,1.08,1.4,2.85,2.25,1.62,4.0,1.22,3
156,Palmeiras,Flamengo,4,2,1.07,1.07,1.38,2.9,2.15,1.67,3.75,1.22,6
157,Avaí,Corinthians,1,2,1.1,1.1,1.48,2.71,2.4,1.53,4.4,1.18,3
158,Cruzeiro,Internacional,0,0,1.09,1.09,1.42,2.82,2.35,1.57,4.3,1.2,0
159,Fluminense,Figueirense,2,1,1.09,1.09,1.42,2.7,2.15,1.67,4.3,1.2,3
160,Sport Recife,Ponte Preta,1,1,1.07,1.07,1.38,3.0,2.05,1.75,3.75,1.25,2
161,Grêmio,Joinville,2,1,1.07,1.07,1.35,3.0,2.15,1.67,3.75,1.25,3
162,Santos,Avaí,5,2,1.04,1.04,1.28,3.5,1.9,1.9,3.0,1.35,7
163,Figueirense,Sport Recife,2,1,1.08,1.08,1.42,2.75,2.25,1.62,4.1,1.2,3
164,Coritiba,Chapecoense,1,0,1.1,1.1,1.5,2.5,2.4,1.53,4.75,1.16,1
165,Ponte Preta,Grêmio,0,0,1.09,1.09,1.45,2.65,2.35,1.57,4.3,1.18,0
166,Corinthians,Cruzeiro,3,0,1.09,1.09,1.45,2.7,2.25,1.62,4.3,1.18,3
167,Flamengo,São Paulo,2,1,1.07,1.07,1.35,3.1,2.15,1.67,3.5,1.25,3
168,Internacional,Athletico-PR,2,0,1.08,1.08,1.42,2.8,2.25,1.62,4.0,1.2,2
169,Joinville,Fluminense,2,1,1.1,1.1,1.45,2.65,2.5,1.5,4.3,1.18,3
170,Atlético Mineiro,Palmeiras,2,1,1.05,1.05,1.28,3.5,1.9,1.9,3.1,1.35,3
171,São Paulo,Ponte Preta,3,0,1.07,1.07,1.38,3.0,2.17,1.75,3.75,1.25,3
172,Avaí,Internacional,3,0,1.09,1.09,1.42,2.7,2.35,1.58,4.1,1.2,3
173,Grêmio,Coritiba,0,0,1.1,1.1,1.48,2.6,2.45,1.52,4.5,1.18,0
174,Chapecoense,Corinthians,1,3,1.14,1.14,1.62,2.25,3.0,1.38,5.5,1.13,4
175,Fluminense,Atlético Mineiro,1,2,1.06,1.06,1.33,3.1,2.06,1.84,3.4,1.28,3
176,Palmeiras,Joinville,3,2,1.06,1.06,1.3,3.2,2.02,1.89,3.3,1.3,5
177,Sport Recife,Flamengo,0,1,1.07,1.07,1.35,3.0,2.14,1.77,3.6,1.25,1
178,Athletico-PR,Goiás,3,0,1.09,1.09,1.45,2.65,2.4,1.55,4.3,1.18,3
179,Cruzeiro,Santos,0,1,1.09,1.09,1.45,2.7,2.35,1.55,4.3,1.2,1
180,Internacional,Vasco da Gama,6,0,1.07,1.07,1.35,3.0,2.1,1.84,3.75,1.25,6
181,Joinville,São Paulo,0,0,1.07,1.07,1.38,3.0,2.15,1.78,3.75,1.25,0
182,Ponte Preta,Cruzeiro,1,2,1.09,1.09,1.42,2.7,2.35,1.58,4.2,1.2,3
183,Atlético Mineiro,Athletico-PR,0,1,1.04,1.04,1.25,3.5,1.84,2.07,3.0,1.35,1
184,Atlético Mineiro,Athletico-PR,0,1,1.04,1.04,1.25,3.5,1.84,2.07,3.0,1.35,1
185,Corinthians,Fluminense,2,0,1.09,1.09,1.45,2.7,2.35,1.55,4.3,1.2,2
186,Coritiba,Sport Recife,0,0,1.08,1.08,1.4,2.85,2.3,1.67,4.0,1.22,0
187,Goiás,Palmeiras,1,0,1.09,1.09,1.42,2.7,2.35,1.58,4.1,1.2,1
188,Santos,Chapecoense,3,1,1.07,1.07,1.38,3.0,2.17,1.75,3.75,1.22,4
189,São Paulo,Internacional,2,0,1.07,1.07,1.38,3.0,2.17,1.75,3.75,1.25,2
190,Vasco da Gama,Atlético Mineiro,1,2,1.05,1.05,1.3,3.2,2.03,1.92,3.2,1.3,3
191,Athletico-PR,Joinville,0,0,1.08,1.08,1.42,2.8,2.3,1.58,4.0,1.2,0
192,Cruzeiro,Figueirense,5,1,1.08,1.08,1.4,2.9,2.25,1.62,4.0,1.22,6
193,Avaí,Coritiba,0,2,1.09,1.09,1.45,2.7,2.35,1.55,4.3,1.2,2
194,Fluminense,Flamengo,1,3,1.09,1.09,1.45,2.7,2.4,1.55,4.3,1.18,4
195,Grêmio,Goiás,2,1,1.1,1.1,1.5,2.45,2.5,1.48,4.8,1.16,3
196,Palmeiras,Corinthians,3,3,1.09,1.09,1.42,2.7,2.35,1.58,4.25,1.2,6
197,Sport Recife,Santos,1,1,1.07,1.07,1.35,3.0,2.19,1.79,3.6,1.25,2
198,Atlético Mineiro,Avaí,2,0,1.02,1.02,1.2,4.3,1.62,2.25,2.5,1.48,2
199,Internacional,Palmeiras,1,0,1.07,1.07,1.35,3.0,2.1,1.7,3.75,1.25,1
200,Ponte Preta,Vasco da Gama,0,1,1.07,1.07,1.38,3.0,2.15,1.69,3.75,1.25,1
201,Figueirense,Athletico-PR,1,1,1.1,1.1,1.45,2.6,2.4,1.52,4.3,1.18,2
202,Figueirense,Athletico-PR,1,1,1.1,1.1,1.45,2.6,2.4,1.52,4.3,1.18,2
203,Santos,São Paulo,3,0,1.07,1.07,1.35,3.0,2.13,1.69,3.75,1.25,3
204,Goiás,Sport Recife,1,0,1.09,1.09,1.45,2.6,2.4,1.52,4.4,1.18,1
205,Flamengo,Cruzeiro,2,0,1.08,1.08,1.42,2.8,2.3,1.6,4.0,1.22,2
206,Joinville,Chapecoense,0,0,1.11,1.11,1.55,2.35,2.7,1.45,5.25,1.15,0
207,Palmeiras,Figueirense,2,0,1.05,1.05,1.28,3.4,1.88,2.04,3.1,1.33,2
208,Corinthians,Joinville,3,0,1.06,1.06,1.33,3.1,2.13,1.78,3.5,1.28,3
209,Ponte Preta,Santos,3,1,1.08,1.08,1.4,2.85,2.25,1.6,4.0,1.22,4
210,Chapecoense,Flamengo,1,3,1.15,1.15,1.65,2.15,3.0,1.35,5.75,1.12,4
211,Grêmio,São Paulo,1,2,1.07,1.07,1.38,2.9,2.2,1.62,3.75,1.22,3
212,Vasco da Gama,Athletico-PR,2,0,1.09,1.09,1.45,2.7,2.35,1.55,4.3,1.2,2
213,Avaí,Goiás,2,1,1.1,1.1,1.48,2.5,2.45,1.5,4.75,1.17,3
214,Sport Recife,Fluminense,1,0,1.07,1.07,1.38,3.0,2.23,1.71,3.75,1.25,1
215,Fluminense,Palmeiras,1,4,1.08,1.08,1.4,2.9,2.2,1.65,3.8,1.22,5
216,Goiás,Ponte Preta,1,2,1.07,1.07,1.38,3.0,2.1,1.7,3.75,1.25,3
217,Joinville,Sport Recife,1,1,1.1,1.1,1.45,2.6,2.4,1.53,4.3,1.18,2
218,Athletico-PR,Grêmio,1,2,1.09,1.09,1.42,2.7,2.3,1.6,4.1,1.2,3
219,Athletico-PR,Grêmio,1,2,1.09,1.09,1.42,2.7,2.3,1.6,4.1,1.2,3
220,Cruzeiro,Vasco da Gama,2,2,1.06,1.06,1.35,3.1,1.9,1.9,3.5,1.25,4
221,Internacional,Corinthians,2,1,1.1,1.1,1.45,2.6,2.4,1.53,4.3,1.18,3
222,Santos,Atlético Mineiro,4,0,1.05,1.05,1.28,3.4,1.85,1.95,3.1,1.33,4
223,São Paulo,Chapecoense,0,0,1.07,1.07,1.38,3.0,2.2,1.65,3.75,1.25,0
224,Flamengo,Coritiba,0,2,1.08,1.08,1.4,2.85,2.3,1.6,4.0,1.22,2
225,Internacional,Figueirense,1,1,1.08,1.08,1.42,2.8,2.15,1.67,4.0,1.2,2
226,Ponte Preta,Fluminense,3,1,1.09,1.09,1.45,2.7,2.3,1.6,4.3,1.2,4
227,Corinthians,Santos,2,0,1.08,1.08,1.4,2.9,2.2,1.65,3.9,1.22,2
228,Goiás,Joinville,3,0,1.08,1.08,1.42,2.7,2.35,1.57,4.3,1.2,3
229,Atlético Mineiro,Flamengo,4,1,1.05,1.05,1.3,3.4,1.96,1.95,3.2,1.33,5
230,Avaí,São Paulo,2,1,1.08,1.08,1.4,2.9,2.25,1.62,4.0,1.22,3
231,Vasco da Gama,Sport Recife,2,1,1.09,1.09,1.42,2.7,2.4,1.53,4.2,1.2,3
232,Chapecoense,Cruzeiro,0,2,1.12,1.12,1.55,2.35,2.7,1.44,5.25,1.15,2
233,Coritiba,Athletico-PR,2,0,1.12,1.12,1.52,2.4,2.7,1.44,5.0,1.16,2
234,Fluminense,Goiás,2,0,1.08,1.08,1.4,2.8,2.25,1.62,4.0,1.22,2
235,Grêmio,Avaí,3,1,1.07,1.07,1.38,3.0,2.15,1.67,3.75,1.22,4
236,Athletico-PR,Ponte Preta,1,2,1.09,1.09,1.45,2.7,2.2,1.65,4.3,1.18,3
237,Santos,Internacional,3,1,1.07,1.07,1.38,3.0,2.08,1.73,3.75,1.22,4
238,Figueirense,Corinthians,1,3,1.09,1.09,1.45,2.7,2.35,1.57,4.3,1.2,4
239,Flamengo,Vasco da Gama,1,2,1.06,1.06,1.35,3.1,2.08,1.73,3.5,1.28,3
240,Joinville,Atlético Mineiro,2,2,1.07,1.07,1.35,3.0,2.2,1.65,3.75,1.25,4
241,São Paulo,Palmeiras,1,1,1.06,1.06,1.33,3.2,2.08,1.73,3.4,1.3,2
242,Cruzeiro,Coritiba,2,0,1.08,1.08,1.42,2.75,2.25,1.62,4.15,1.2,2
243,Sport Recife,Chapecoense,3,0,1.1,1.1,1.48,2.5,2.4,1.53,4.75,1.17,3
244,Coritiba,Atlético Mineiro,0,3,1.06,1.06,1.35,3.1,2.1,1.7,3.5,1.28,3
245,Internacional,Sport Recife,2,1,1.07,1.07,1.38,3.0,2.2,1.65,3.75,1.25,3
246,São Paulo,Athletico-PR,1,0,1.08,1.08,1.42,2.8,2.2,1.65,4.0,1.2,1
247,Avaí,Vasco da Gama,1,1,1.08,1.08,1.4,2.85,2.15,1.67,4.0,1.22,2
248,Flamengo,Joinville,2,0,1.05,1.05,1.3,3.2,2.0,1.8,3.25,1.3,2
249,Cruzeiro,Grêmio,0,0,1.09,1.09,1.45,2.7,2.3,1.6,4.3,1.18,0
250,Goiás,Figueirense,2,3,1.09,1.09,1.45,2.7,2.35,1.57,4.3,1.2,5
251,Ponte Preta,Corinthians,2,2,1.09,1.09,1.42,2.7,2.3,1.6,4.0,1.2,4
252,Santos,Fluminense,3,1,1.06,1.06,1.33,3.2,2.0,1.8,3.4,1.28,4
253,Chapecoense,Palmeiras,5,1,1.1,1.1,1.48,2.5,2.5,1.5,4.75,1.17,6
254,Atlético Mineiro,Internacional,2,1,1.03,1.03,1.2,4.0,1.9,1.9,2.65,1.45,3
255,Sport Recife,Avaí,3,0,1.07,1.07,1.35,3.0,2.2,1.65,3.75,1.25,3
256,Figueirense,Flamengo,3,0,1.08,1.08,1.42,2.8,2.2,1.65,4.0,1.22,3
257,Joinville,Coritiba,3,1,1.11,1.11,1.5,2.45,2.6,1.48,4.8,1.16,4
258,Joinville,Coritiba,3,1,1.11,1.11,1.5,2.45,2.6,1.48,4.8,1.16,4
259,Athletico-PR,Cruzeiro,2,2,1.09,1.09,1.45,2.7,2.4,1.53,4.3,1.2,4
260,Fluminense,São Paulo,2,0,1.08,1.08,1.4,2.9,2.25,1.62,3.8,1.22,2
261,Corinthians,Goiás,3,0,1.07,1.07,1.35,3.0,2.1,1.7,3.75,1.25,3
262,Avaí,Palmeiras,1,3,1.08,1.08,1.42,2.8,2.25,1.62,4.0,1.2,4
263,Joinville,Figueirense,1,0,1.09,1.09,1.45,2.7,2.3,1.6,4.3,1.2,1
264,Cruzeiro,Fluminense,2,0,1.08,1.08,1.4,2.8,2.2,1.65,4.0,1.22,2
265,Ponte Preta,Coritiba,3,0,1.09,1.09,1.45,2.7,2.3,1.6,4.3,1.2,3
266,Athletico-PR,Corinthians,1,4,1.09,1.09,1.42,2.7,2.25,1.62,4.15,1.2,5
267,Grêmio,Chapecoense,2,3,1.08,1.08,1.42,2.8,2.2,1.65,4.0,1.2,5
268,Santos,Goiás,3,1,1.06,1.06,1.33,3.2,2.0,1.8,3.4,1.3,4
269,Sport Recife,Atlético Mineiro,4,1,1.05,1.05,1.3,3.2,2.0,1.8,3.2,1.3,5
270,Fluminense,Athletico-PR,0,1,1.09,1.09,1.45,2.7,2.3,1.6,4.3,1.2,1
271,Figueirense,Santos,0,0,1.07,1.07,1.35,3.0,2.1,1.7,3.6,1.25,0
272,Internacional,Joinville,1,0,1.06,1.06,1.35,3.1,2.15,1.7,3.5,1.25,1
273,Palmeiras,Sport Recife,0,2,1.05,1.05,1.3,3.3,1.96,1.97,3.2,1.33,2
274,Chapecoense,Avaí,0,0,1.1,1.1,1.48,2.6,2.4,1.53,4.4,1.18,0
275,Corinthians,Flamengo,1,0,1.07,1.07,1.38,3.0,2.1,1.7,3.75,1.25,1
276,Coritiba,São Paulo,1,2,1.08,1.08,1.38,2.9,2.15,1.67,3.75,1.22,3
277,Vasco da Gama,Grêmio,0,0,1.09,1.09,1.45,2.7,2.25,1.62,4.3,1.2,0
278,Atlético Mineiro,Ponte Preta,2,1,1.04,1.04,1.25,3.75,1.8,2.0,3.0,1.38,3
279,São Paulo,Sport Recife,3,0,1.06,1.06,1.33,3.2,2.05,1.75,3.4,1.3,3
280,Avaí,Cruzeiro,1,1,1.09,1.09,1.42,2.8,2.2,1.65,4.0,1.22,2
281,Ponte Preta,Joinville,1,0,1.08,1.08,1.42,2.8,2.2,1.65,4.0,1.2,1
282,Coritiba,Figueirense,1,1,1.09,1.09,1.45,2.7,2.25,1.62,4.3,1.2,2
283,Atlético Mineiro,Corinthians,0,3,1.06,1.06,1.35,3.1,2.05,1.75,3.5,1.25,3
284,Chapecoense,Athletico-PR,0,0,1.09,1.09,1.42,2.8,2.25,1.62,4.0,1.22,0
285,Grêmio,Flamengo,2,0,1.08,1.08,1.4,2.8,2.2,1.65,4.0,1.22,2
286,Santos,Palmeiras,2,1,1.05,1.05,1.3,3.4,1.95,1.85,3.2,1.33,3
287,Vasco da Gama,Fluminense,0,1,1.08,1.08,1.4,2.9,2.15,1.67,3.9,1.22,1
288,Goiás,Internacional,2,1,1.09,1.09,1.42,2.7,2.25,1.62,4.25,1.2,3
289,Internacional,Ponte Preta,1,0,1.07,1.07,1.35,3.1,2.08,1.73,3.5,1.25,1
290,Athletico-PR,Avaí,2,1,1.08,1.08,1.4,2.85,2.2,1.65,4.0,1.22,3
291,Corinthians,Coritiba,2,1,1.05,1.05,1.33,3.2,1.95,1.85,3.4,1.3,3
292,Fluminense,Chapecoense,2,3,1.1,1.1,1.5,2.5,2.6,1.48,4.75,1.16,5
293,Cruzeiro,São Paulo,2,1,1.08,1.08,1.42,2.8,2.25,1.62,4.0,1.2,3
294,Figueirense,Atlético Mineiro,0,1,1.07,1.07,1.35,3.0,2.05,1.75,3.6,1.25,1
295,Flamengo,Goiás,4,1,1.07,1.07,1.35,3.0,2.05,1.75,3.6,1.25,5
296,Palmeiras,Vasco da Gama,0,2,1.04,1.04,1.25,3.75,1.85,1.95,3.0,1.38,2
297,Joinville,Santos,0,0,1.06,1.06,1.33,3.1,2.0,1.8,3.4,1.28,0
298,Sport Recife,Grêmio,1,0,1.08,1.08,1.4,2.8,2.25,1.62,4.0,1.22,1
299,Cruzeiro,Sport Recife,3,0,1.05,1.05,1.3,3.4,1.95,1.85,3.2,1.33,3
300,Goiás,Coritiba,1,3,1.08,1.08,1.38,3.0,2.2,1.65,3.75,1.22,4
301,Athletico-PR,Palmeiras,3,3,1.07,1.07,1.35,3.0,2.08,1.73,3.5,1.25,6
302,Avaí,Joinville,2,1,1.09,1.09,1.45,2.65,2.35,1.57,4.3,1.18,3
303,Ponte Preta,Figueirense,0,1,1.08,1.08,1.4,2.8,2.25,1.62,4.0,1.22,1
304,Chapecoense,Internacional,1,0,1.1,1.1,1.48,2.55,2.5,1.5,4.5,1.18,1
305,Grêmio,Fluminense,1,0,1.07,1.07,1.35,3.0,2.08,1.73,3.75,1.25,1
306,São Paulo,Atlético Mineiro,4,2,1.04,1.04,1.22,3.75,1.73,2.08,2.8,1.4,6
307,Vasco da Gama,Corinthians,1,1,1.09,1.09,1.42,2.7,2.4,1.53,4.15,1.2,2
308,Palmeiras,Cruzeiro,1,1,1.06,1.06,1.33,3.1,2.05,1.75,3.4,1.28,2
309,Atlético Mineiro,Goiás,2,2,1.03,1.03,1.2,4.3,1.62,2.25,2.5,1.48,4
310,Corinthians,São Paulo,6,1,1.07,1.07,1.35,3.0,2.05,1.75,3.5,1.25,7
311,Figueirense,Chapecoense,0,0,1.08,1.08,1.42,2.7,2.3,1.6,4.3,1.2,0
312,Internacional,Grêmio,1,0,1.09,1.09,1.45,2.6,2.35,1.57,4.3,1.18,1
313,Flamengo,Ponte Preta,1,1,1.07,1.07,1.35,3.0,2.08,1.73,3.7,1.25,2
314,Coritiba,Santos,1,0,1.07,1.07,1.35,3.1,2.05,1.75,3.5,1.25,1
315,Fluminense,Avaí,3,1,1.09,1.09,1.45,2.7,2.25,1.62,4.3,1.2,4
316,Sport Recife,Athletico-PR,0,0,1.06,1.06,1.33,3.2,2.0,1.8,3.3,1.3,0
317,São Paulo,Figueirense,3,2,1.05,1.05,1.3,3.3,2.0,1.8,3.2,1.3,5
318,Fluminense,Internacional,1,1,1.08,1.08,1.38,2.9,2.1,1.7,3.75,1.22,2
319,Avaí,Ponte Preta,1,0,1.07,1.07,1.35,3.0,2.1,1.7,3.5,1.25,1
320,Cruzeiro,Joinville,3,0,1.04,1.04,1.25,3.75,1.8,2.0,3.0,1.38,3
321,Grêmio,Atlético Mineiro,2,1,1.06,1.06,1.33,3.2,1.95,1.85,3.4,1.3,3
322,Sport Recife,Corinthians,2,0,1.05,1.05,1.3,3.2,1.95,1.85,3.2,1.3,2
323,Chapecoense,Goiás,1,3,1.07,1.07,1.35,3.0,2.15,1.67,3.7,1.25,4
324,Palmeiras,Coritiba,0,2,1.07,1.07,1.35,3.0,2.1,1.7,3.75,1.25,2
325,Flamengo,Sport Recife,1,0,1.06,1.06,1.35,2.85,2.05,1.75,3.3,1.25,1
326,Palmeiras,Athletico-PR,4,0,1.07,1.07,1.35,2.8,2.1,1.7,3.5,1.25,4
327,Atlético Mineiro,Santos,1,0,1.07,1.07,1.35,2.8,2.1,1.7,3.5,1.25,1
328,Coritiba,Cruzeiro,1,0,1.09,1.09,1.45,2.5,2.4,1.53,4.0,1.18,1
329,Botafogo,São Paulo,0,1,1.09,1.09,1.45,2.55,2.3,1.6,4.0,1.2,1
330,Santa Cruz,Vitória,4,1,1.07,1.07,1.38,2.8,2.15,1.67,3.5,1.22,5
331,América-MG,Fluminense,0,1,1.07,1.07,1.38,2.8,2.1,1.7,3.5,1.25,1
332,Corinthians,Grêmio,0,0,1.09,1.09,1.45,2.45,2.4,1.53,4.1,1.18,0
333,Figueirense,Ponte Preta,0,0,1.1,1.1,1.45,2.45,2.4,1.53,4.0,1.18,0
334,Internacional,Chapecoense,0,0,1.09,1.09,1.45,2.55,2.4,1.53,4.0,1.18,0
335,Ponte Preta,Palmeiras,2,1,1.09,1.09,1.42,2.55,2.35,1.57,4.0,1.2,3
336,Fluminense,Santa Cruz,2,2,1.07,1.07,1.35,2.85,2.08,1.73,3.3,1.25,4
337,Cruzeiro,Figueirense,2,2,1.08,1.08,1.42,2.65,2.25,1.62,3.8,1.2,4
338,Athletico-PR,Atlético Mineiro,1,1,1.08,1.08,1.38,2.75,2.15,1.67,3.5,1.22,2
339,Santos,Coritiba,2,1,1.07,1.07,1.38,2.8,2.15,1.67,3.5,1.25,3
340,Chapecoense,América-MG,3,1,1.09,1.09,1.45,2.55,2.35,1.57,4.0,1.2,4
341,Grêmio,Flamengo,1,0,1.09,1.09,1.42,2.55,2.35,1.57,4.0,1.2,1
342,São Paulo,Internacional,1,2,1.09,1.09,1.45,2.55,2.35,1.57,4.0,1.2,3
343,Vitória,Corinthians,3,2,1.09,1.09,1.42,2.65,2.35,1.57,3.8,1.2,5
344,Sport Recife,Botafogo,1,1,1.07,1.07,1.38,2.8,2.1,1.7,3.5,1.22,2
345,Botafogo,Athletico-PR,2,1,1.08,1.08,1.42,2.55,2.3,1.6,3.9,1.2,3
346,Figueirense,Santos,2,2,1.09,1.09,1.45,2.55,2.35,1.57,4.0,1.2,4
347,América-MG,Vitória,1,1,1.06,1.06,1.3,3.0,2.0,1.8,3.0,1.3,2
348,Flamengo,Chapecoense,2,2,1.09,1.09,1.45,2.55,2.35,1.57,4.0,1.2,4
349,Flamengo,Chapecoense,2,2,1.09,1.09,1.45,2.55,2.35,1.57,4.0,1.2,4
350,Palmeiras,Fluminense,2,0,1.06,1.06,1.35,2.9,2.1,1.7,3.3,1.28,2
351,Santa Cruz,Cruzeiro,4,1,1.07,1.07,1.35,2.8,2.08,1.73,3.5,1.25,5
352,Corinthians,Ponte Preta,3,0,1.06,1.06,1.3,3.0,1.95,1.85,3.1,1.3,3
353,Internacional,Sport Recife,1,0,1.09,1.09,1.45,2.55,2.3,1.6,4.0,1.18,1
354,Atlético Mineiro,Grêmio,0,3,1.08,1.08,1.42,2.65,2.25,1.62,3.8,1.2,3
355,Cruzeiro,América-MG,1,1,1.06,1.06,1.33,2.9,2.05,1.75,3.2,1.28,2
356,Athletico-PR,Figueirense,2,1,1.07,1.07,1.35,2.8,2.1,1.7,3.5,1.25,3
357,Chapecoense,Santa Cruz,1,1,1.07,1.07,1.35,2.8,2.08,1.73,3.5,1.25,2
358,Ponte Preta,Flamengo,1,2,1.08,1.08,1.4,2.75,2.15,1.67,3.6,1.22,3
359,Sport Recife,Corinthians,0,2,1.09,1.09,1.45,2.55,2.35,1.57,4.0,1.2,2
360,Fluminense,Botafogo,1,0,1.07,1.07,1.4,2.75,2.2,1.65,3.6,1.22,1
361,São Paulo,Palmeiras,1,0,1.08,1.08,1.4,2.7,2.2,1.65,3.8,1.22,1
362,Vitória,Atlético Mineiro,1,1,1.06,1.06,1.33,3.0,2.0,1.8,3.2,1.3,2
363,Grêmio,Coritiba,2,0,1.08,1.08,1.4,2.65,2.2,1.65,3.8,1.22,2
364,Santos,Internacional,0,1,1.09,1.09,1.42,2.55,2.35,1.57,3.9,1.2,1
365,Internacional,Athletico-PR,1,0,1.08,1.08,1.38,2.75,2.25,1.62,3.5,1.22,1
366,Corinthians,Santos,1,0,1.09,1.09,1.45,2.55,2.3,1.6,4.0,1.18,1
367,Coritiba,Chapecoense,3,4,1.12,1.12,1.55,2.3,2.7,1.44,4.6,1.15,7
368,Santa Cruz,Sport Recife,0,1,1.08,1.08,1.4,2.75,2.15,1.67,3.7,1.22,1
369,Santa Cruz,Sport Recife,0,1,1.08,1.08,1.4,2.75,2.15,1.67,3.7,1.22,1
370,Botafogo,Cruzeiro,0,1,1.08,1.08,1.4,2.75,2.15,1.67,3.6,1.22,1
371,Figueirense,São Paulo,1,0,1.1,1.1,1.45,2.5,2.4,1.53,4.0,1.18,1
372,América-MG,Ponte Preta,1,2,1.08,1.08,1.4,2.75,2.4,1.53,3.75,1.22,3
373,Flamengo,Vitória,1,0,1.04,1.04,1.25,3.4,1.85,1.95,2.8,1.38,1
374,Palmeiras,Grêmio,4,3,1.08,1.08,1.4,2.75,2.2,1.65,3.75,1.22,7
375,Athletico-PR,Santa Cruz,1,0,1.05,1.05,1.3,3.0,2.0,1.8,3.0,1.3,1
376,Chapecoense,Fluminense,0,0,1.09,1.09,1.42,2.55,2.35,1.57,4.0,1.2,0
377,Corinthians,Coritiba,2,1,1.07,1.07,1.38,2.8,2.08,1.73,3.5,1.25,3
378,América-MG,Figueirense,1,0,1.09,1.09,1.45,2.5,2.4,1.53,4.0,1.18,1
379,Santos,Botafogo,3,0,1.08,1.08,1.42,2.55,2.25,1.62,4.0,1.2,3
380,Flamengo,Palmeiras,1,2,1.07,1.07,1.38,2.8,2.1,1.7,3.5,1.25,3
381,Grêmio,Ponte Preta,1,0,1.08,1.08,1.4,2.75,2.15,1.67,3.8,1.22,1
382,Sport Recife,Atlético Mineiro,4,4,1.07,1.07,1.35,2.8,2.08,1.73,3.4,1.25,8
383,Vitória,Internacional,1,0,1.09,1.09,1.45,2.55,2.4,1.53,4.0,1.18,1
384,Cruzeiro,São Paulo,0,1,1.09,1.09,1.42,2.55,2.4,1.53,3.9,1.2,1
385,Internacional,América-MG,3,1,1.07,1.07,1.38,2.8,2.1,1.7,3.5,1.22,4
386,Ponte Preta,Chapecoense,2,1,1.09,1.09,1.42,2.6,2.35,1.57,3.8,1.2,3
387,Fluminense,Grêmio,1,1,1.1,1.1,1.48,2.45,2.4,1.53,4.25,1.18,2
388,São Paulo,Athletico-PR,1,2,1.07,1.07,1.35,2.8,2.2,1.65,3.4,1.25,3
389,Botafogo,Vitória,1,1,1.07,1.07,1.35,2.8,2.08,1.73,3.5,1.25,2
390,Coritiba,Sport Recife,3,2,1.08,1.08,1.42,2.6,2.25,1.62,3.9,1.2,5
391,Atlético Mineiro,Cruzeiro,2,3,1.06,1.06,1.35,2.9,2.05,1.75,3.3,1.28,5
392,Figueirense,Flamengo,1,0,1.09,1.09,1.42,2.55,2.35,1.57,3.9,1.2,1
393,Santa Cruz,Santos,0,2,1.1,1.1,1.48,2.4,2.4,1.53,4.25,1.17,2
394,Santos,Sport Recife,1,2,1.06,1.06,1.33,3.0,2.05,1.75,3.2,1.3,3
395,Chapecoense,Grêmio,3,3,1.11,1.11,1.5,2.35,2.6,1.48,4.4,1.16,6
396,Ponte Preta,Athletico-PR,3,2,1.08,1.08,1.4,2.75,2.15,1.67,3.8,1.22,5
397,São Paulo,Vitória,2,0,1.05,1.05,1.28,3.2,1.94,1.96,3.0,1.33,2
398,Botafogo,América-MG,3,1,1.07,1.07,1.38,2.8,2.1,1.7,3.5,1.25,4
399,Santa Cruz,Figueirense,1,0,1.09,1.09,1.42,2.55,2.25,1.62,4.0,1.2,1
400,Santos,Sport Recife,2,0,1.05,1.05,1.3,3.2,1.9,1.9,3.0,1.33,2
401,Coritiba,Palmeiras,2,2,1.08,1.08,1.38,2.75,2.1,1.7,3.5,1.22,4
402,Cruzeiro,Flamengo,0,1,1.08,1.08,1.38,2.8,2.26,1.69,3.5,1.22,1
403,Internacional,Atlético Mineiro,2,0,1.06,1.06,1.33,3.0,2.0,1.8,3.2,1.3,2
404,Fluminense,Corinthians,1,0,1.09,1.09,1.42,2.55,2.4,1.53,4.0,1.2,1
405,Palmeiras,Santa Cruz,3,1,1.04,1.04,1.22,3.5,1.76,2.16,2.7,1.4,4
406,Athletico-PR,Santos,1,0,1.07,1.07,1.35,2.8,2.19,1.74,3.5,1.25,1
407,América-MG,Coritiba,2,1,1.08,1.08,1.4,2.75,2.3,1.62,3.75,1.22,3
408,Atlético Mineiro,Ponte Preta,3,0,1.04,1.04,1.25,3.4,1.8,2.0,2.8,1.38,3
409,Vitória,Chapecoense,1,2,1.07,1.07,1.38,2.8,2.15,1.67,3.5,1.25,3
410,Corinthians,Botafogo,3,1,1.05,1.05,1.3,3.0,2.03,1.87,3.0,1.3,4
411,Figueirense,Internacional,3,2,1.1,1.1,1.48,2.45,2.5,1.52,4.15,1.18,5
412,Flamengo,São Paulo,2,2,1.09,1.09,1.42,2.55,2.3,1.6,3.8,1.2,4
413,Sport Recife,Fluminense,2,1,1.08,1.08,1.42,2.65,2.25,1.62,3.8,1.2,3
414,Grêmio,Cruzeiro,2,0,1.07,1.07,1.38,2.8,2.15,1.67,3.5,1.25,2
415,Palmeiras,América-MG,2,0,1.02,1.02,1.18,4.0,1.67,2.29,2.35,1.5,2
416,Chapecoense,Athletico-PR,0,0,1.1,1.1,1.48,2.4,2.5,1.5,4.25,1.18,0
417,Chapecoense,Athletico-PR,0,0,1.1,1.1,1.48,2.4,2.5,1.5,4.25,1.18,0
418,Botafogo,Figueirense,0,0,1.08,1.08,1.4,2.75,2.15,1.67,3.6,1.22,0
419,Santa Cruz,Flamengo,0,1,1.07,1.07,1.35,2.8,2.1,1.7,3.5,1.25,1
420,Atlético Mineiro,Corinthians,2,1,1.06,1.06,1.35,2.9,2.05,1.75,3.3,1.28,3
421,Grêmio,Vitória,1,2,1.04,1.04,1.28,3.3,1.94,1.96,2.9,1.35,3
422,São Paulo,Sport Recife,0,0,1.04,1.04,1.28,3.3,1.9,2.0,2.85,1.35,0
423,Coritiba,Internacional,1,1,1.08,1.08,1.42,2.65,2.25,1.62,3.8,1.2,2
424,Cruzeiro,Palmeiras,2,1,1.07,1.07,1.38,2.8,2.1,1.7,3.5,1.25,3
425,Corinthians,Santa Cruz,2,1,1.04,1.04,1.25,3.5,1.85,1.95,2.8,1.38,3
426,América-MG,Atlético Mineiro,0,1,1.05,1.05,1.28,3.2,1.9,1.9,2.9,1.33,1
427,Athletico-PR,Grêmio,2,0,1.1,1.1,1.45,2.45,2.4,1.53,4.1,1.18,2
428,Flamengo,Fluminense,1,2,1.08,1.08,1.42,2.65,2.2,1.65,3.8,1.22,3
429,Internacional,Botafogo,2,3,1.06,1.06,1.33,2.9,2.05,1.75,3.2,1.28,5
430,Santos,São Paulo,3,0,1.08,1.08,1.4,2.65,2.25,1.62,3.8,1.22,3
431,Vitória,Ponte Preta,1,1,1.07,1.07,1.35,2.8,2.05,1.75,3.4,1.25,2
432,Figueirense,Coritiba,0,0,1.1,1.1,1.45,2.45,2.5,1.5,4.0,1.18,0
433,Sport Recife,Chapecoense,5,1,1.07,1.07,1.38,2.8,2.15,1.67,3.5,1.25,6
434,Flamengo,Internacional,1,0,1.08,1.08,1.4,2.75,2.15,1.67,3.7,1.22,1
435,Grêmio,Santos,3,2,1.08,1.08,1.38,2.75,2.15,1.67,3.5,1.22,5
436,Vitória,Sport Recife,3,2,1.07,1.07,1.35,2.9,2.08,1.73,3.3,1.28,5
437,Chapecoense,Cruzeiro,3,2,1.08,1.08,1.42,2.65,2.25,1.62,3.8,1.22,5
438,Chapecoense,Cruzeiro,3,2,1.08,1.08,1.42,2.65,2.25,1.62,3.8,1.22,5
439,América-MG,Corinthians,0,2,1.09,1.09,1.42,2.55,2.25,1.62,4.0,1.2,2
440,São Paulo,Fluminense,2,1,1.09,1.09,1.42,2.55,2.3,1.6,4.0,1.2,3
441,Palmeiras,Figueirense,4,0,1.03,1.03,1.22,3.5,1.75,2.05,2.75,1.4,4
442,Santa Cruz,Ponte Preta,0,3,1.08,1.08,1.4,2.75,2.15,1.67,3.6,1.22,3
443,Atlético Mineiro,Botafogo,5,3,1.03,1.03,1.22,3.8,1.7,2.1,2.55,1.45,8
444,Fluminense,Coritiba,0,0,1.08,1.08,1.42,2.65,2.25,1.62,3.8,1.2,0
445,Athletico-PR,América-MG,1,0,1.05,1.05,1.3,3.1,1.95,1.85,3.0,1.3,1
446,Cruzeiro,Vitória,2,2,1.04,1.04,1.22,3.5,1.75,2.05,2.65,1.4,4
447,Internacional,Grêmio,0,1,1.09,1.09,1.42,2.55,2.35,1.57,3.9,1.2,1
448,Botafogo,Santa Cruz,2,1,1.05,1.05,1.3,3.2,2.0,1.8,3.0,1.33,3
449,Corinthians,Flamengo,4,0,1.09,1.09,1.42,2.55,2.25,1.62,3.9,1.2,4
450,Ponte Preta,São Paulo,1,0,1.09,1.09,1.42,2.55,2.25,1.62,4.0,1.2,1
451,Santos,Chapecoense,3,0,1.04,1.04,1.22,3.5,1.73,2.08,2.65,1.42,3
452,Figueirense,Atlético Mineiro,1,1,1.06,1.06,1.3,3.0,2.0,1.8,3.0,1.3,2
453,Sport Recife,Palmeiras,1,3,1.05,1.05,1.28,3.3,1.8,2.0,2.85,1.35,4
454,Chapecoense,Corinthians,0,2,1.09,1.09,1.42,2.6,2.25,1.62,3.8,1.2,2
455,Coritiba,Botafogo,0,0,1.07,1.07,1.35,2.8,2.0,1.8,3.4,1.25,0
456,Ponte Preta,Sport Recife,2,1,1.06,1.06,1.3,3.1,1.95,1.85,3.0,1.33,3
457,Flamengo,Atlético Mineiro,2,0,1.06,1.06,1.3,3.0,2.05,1.75,3.0,1.3,2
458,Grêmio,Figueirense,2,1,1.05,1.05,1.3,3.2,1.9,1.9,3.0,1.3,3
459,Santa Cruz,Internacional,1,0,1.09,1.09,1.42,2.55,2.35,1.57,3.9,1.2,1
460,São Paulo,América-MG,3,0,1.07,1.07,1.35,2.9,2.08,1.82,3.3,1.28,3
461,Vitória,Fluminense,0,0,1.05,1.05,1.28,3.3,1.85,1.95,2.85,1.35,0
462,Cruzeiro,Athletico-PR,0,3,1.05,1.05,1.3,3.2,1.95,1.85,3.0,1.33,3
463,Palmeiras,Santos,1,1,1.05,1.05,1.28,3.2,1.97,1.93,2.9,1.33,2
464,Botafogo,Flamengo,3,3,1.07,1.07,1.35,2.8,2.1,1.7,3.5,1.25,6
465,Botafogo,Flamengo,3,3,1.07,1.07,1.35,2.8,2.1,1.7,3.5,1.25,6
466,América-MG,Santa Cruz,0,3,1.09,1.09,1.45,2.55,2.25,1.62,4.0,1.2,3
467,Athletico-PR,Vitória,1,1,1.05,1.05,1.3,3.1,1.95,1.85,3.0,1.33,2
468,Corinthians,São Paulo,1,1,1.08,1.08,1.4,2.75,2.15,1.67,3.7,1.22,2
469,Figueirense,Chapecoense,1,1,1.09,1.09,1.45,2.55,2.35,1.57,4.0,1.18,2
470,Fluminense,Cruzeiro,2,0,1.08,1.08,1.4,2.75,2.15,1.67,3.7,1.22,2
471,Internacional,Palmeiras,0,1,1.07,1.07,1.35,2.85,2.05,1.75,3.3,1.25,1
472,Sport Recife,Grêmio,4,2,1.08,1.08,1.4,2.75,2.2,1.65,3.75,1.22,6
473,Corinthians,Figueirense,1,1,1.05,1.05,1.3,3.2,1.95,1.85,3.0,1.33,2
474,Santa Cruz,Coritiba,0,1,1.08,1.08,1.4,2.75,2.2,1.65,3.7,1.22,1
475,Palmeiras,Atlético Mineiro,0,1,1.03,1.03,1.2,3.8,1.67,2.15,2.55,1.45,1
476,Ponte Preta,Internacional,2,2,1.09,1.09,1.42,2.55,2.35,1.57,3.8,1.2,4
477,Athletico-PR,Fluminense,1,0,1.09,1.09,1.45,2.55,2.3,1.6,4.0,1.2,1
478,Chapecoense,Botafogo,2,1,1.07,1.07,1.38,2.8,2.15,1.67,3.5,1.25,3
479,Cruzeiro,Sport Recife,1,2,1.03,1.03,1.2,3.8,1.7,2.1,2.45,1.45,3
480,Grêmio,São Paulo,1,0,1.07,1.07,1.38,2.8,2.15,1.67,3.5,1.22,1
481,Vitória,Santos,2,3,1.05,1.05,1.28,3.3,1.85,1.95,2.8,1.35,5
482,Flamengo,América-MG,2,1,1.04,1.04,1.25,3.5,1.8,2.0,2.75,1.38,3
483,Sport Recife,América-MG,1,1,1.05,1.05,1.3,3.35,1.97,2.02,3.2,1.33,2
484,Vitória,Coritiba,3,1,1.08,1.08,1.38,3.0,2.21,1.74,3.8,1.25,4
485,Athletico-PR,Corinthians,2,0,1.1,1.1,1.48,2.6,2.42,1.55,4.65,1.18,2
486,Ponte Preta,Botafogo,2,0,1.06,1.06,1.33,3.35,2.05,1.86,3.35,1.3,2
487,Grêmio,Santa Cruz,0,0,1.04,1.04,1.28,3.55,1.9,2.02,3.1,1.35,0
488,São Paulo,Atlético Mineiro,1,2,1.05,1.05,1.3,3.35,2.0,1.9,3.2,1.32,3
489,Cruzeiro,Internacional,4,2,1.06,1.06,1.35,3.2,2.13,1.82,3.55,1.27,6
490,Chapecoense,Palmeiras,1,1,1.07,1.07,1.38,3.0,2.21,1.73,3.8,1.25,2
491,Flamengo,Athletico-PR,1,0,1.08,1.08,1.38,3.0,2.23,1.71,3.9,1.24,1
492,Coritiba,Ponte Preta,3,1,1.09,1.09,1.42,2.85,2.31,1.66,4.15,1.22,4
493,Palmeiras,Vitória,2,1,1.03,1.03,1.2,4.4,1.68,2.35,2.5,1.5,3
494,Internacional,Fluminense,2,2,1.08,1.08,1.43,2.75,2.3,1.68,4.25,1.21,4
495,Santa Cruz,São Paulo,1,2,1.08,1.08,1.42,2.85,2.25,1.7,4.0,1.23,3
496,Figueirense,Sport Recife,1,1,1.08,1.08,1.4,2.85,2.25,1.7,4.15,1.22,2
497,Atlético Mineiro,Chapecoense,3,1,1.04,1.04,1.26,3.7,1.87,2.11,3.0,1.38,4
498,Corinthians,Cruzeiro,1,1,1.05,1.05,1.3,3.35,2.05,1.89,3.35,1.3,2
499,Sport Recife,Flamengo,1,0,1.07,1.07,1.35,2.85,2.17,1.8,3.3,1.25,1
500,Ponte Preta,Figueirense,2,0,1.07,1.07,1.35,2.8,2.21,1.74,3.5,1.25,2
501,Fluminense,América-MG,1,0,1.06,1.06,1.33,3.2,2.09,1.88,3.35,1.3,1
502,Grêmio,Corinthians,3,0,1.1,1.1,1.48,2.6,2.42,1.52,4.65,1.18,3
503,Cruzeiro,Coritiba,2,2,1.06,1.06,1.33,3.2,2.08,1.86,3.35,1.3,4
504,São Paulo,Botafogo,0,1,1.06,1.06,1.3,3.35,2.01,1.9,3.2,1.32,1
505,Athletico-PR,Palmeiras,0,1,1.08,1.08,1.4,2.85,2.25,1.71,4.0,1.23,1
506,Chapecoense,Internacional,1,0,1.1,1.1,1.48,2.6,2.42,1.52,4.8,1.18,1
507,América-MG,Chapecoense,1,2,1.09,1.09,1.45,2.67,2.42,1.62,4.4,1.2,3
508,Atlético Mineiro,Athletico-PR,1,0,1.03,1.03,1.23,4.0,1.77,2.14,2.85,1.42,1
509,Flamengo,Grêmio,2,1,1.08,1.08,1.4,2.85,2.26,1.69,4.0,1.23,3
510,Internacional,São Paulo,1,1,1.09,1.09,1.45,2.75,2.3,1.6,4.25,1.21,2
511,Palmeiras,Ponte Preta,2,2,1.06,1.06,1.3,3.35,1.94,1.96,3.2,1.32,4
512,Santa Cruz,Fluminense,0,1,1.08,1.08,1.4,2.85,2.25,1.63,4.0,1.23,1
513,Figueirense,Cruzeiro,1,2,1.08,1.08,1.38,3.0,2.23,1.71,3.9,1.24,3
514,Corinthians,Vitória,2,1,1.03,1.03,1.21,4.25,1.7,2.25,2.67,1.45,3
515,Ponte Preta,Corinthians,2,0,1.09,1.09,1.45,2.67,2.38,1.62,4.4,1.2,2
516,Cruzeiro,Santa Cruz,2,0,1.03,1.03,1.23,4.0,1.79,2.17,2.75,1.43,2
517,Cruzeiro,Santa Cruz,2,0,1.03,1.03,1.23,4.0,1.79,2.17,2.75,1.43,2
518,Chapecoense,Flamengo,1,3,1.09,1.09,1.45,2.67,2.35,1.58,4.4,1.2,4
519,Fluminense,Palmeiras,0,2,1.07,1.07,1.35,3.1,2.07,1.84,3.55,1.27,2
520,Grêmio,Atlético Mineiro,1,1,1.05,1.05,1.28,3.55,1.94,2.02,3.1,1.35,2
521,São Paulo,Coritiba,0,0,1.07,1.07,1.35,3.1,2.21,1.77,3.7,1.26,0
522,Sport Recife,Internacional,1,1,1.09,1.09,1.42,2.85,2.29,1.67,4.15,1.22,2
523,Vitória,América-MG,2,1,1.06,1.06,1.3,3.35,2.0,1.91,3.2,1.32,3
524,Athletico-PR,Botafogo,1,0,1.08,1.08,1.4,2.85,2.25,1.81,4.1,1.23,1
525,Fluminense,Figueirense,3,2,1.07,1.07,1.35,3.1,2.13,1.8,3.55,1.27,5
526,Botafogo,Grêmio,2,1,1.06,1.06,1.33,3.2,2.08,1.86,3.55,1.3,3
527,Botafogo,Fluminense,1,0,1.09,1.09,1.45,2.75,2.3,1.6,4.25,1.21,1
528,Figueirense,Athletico-PR,1,0,1.1,1.1,1.5,2.5,2.5,1.5,4.8,1.18,1
529,Santa Cruz,Chapecoense,2,2,1.09,1.09,1.42,2.85,2.25,1.63,4.0,1.23,4
530,Atlético Mineiro,Vitória,2,1,1.02,1.02,1.18,4.65,1.72,2.35,2.42,1.52,3
531,Atlético Mineiro,Vitória,2,1,1.02,1.02,1.18,4.65,1.72,2.35,2.42,1.52,3
532,Flamengo,Ponte Preta,2,1,1.06,1.06,1.33,3.35,2.14,1.85,3.35,1.3,3
533,Palmeiras,São Paulo,2,1,1.07,1.07,1.35,3.1,2.13,1.8,3.55,1.27,3
534,Corinthians,Sport Recife,3,0,1.05,1.05,1.3,3.55,1.98,1.97,3.2,1.33,3
535,América-MG,Cruzeiro,0,2,1.06,1.06,1.33,3.2,2.09,1.86,3.35,1.3,2
536,Internacional,Santos,2,1,1.08,1.08,1.4,2.85,2.35,1.69,4.1,1.23,3
537,Vitória,Flamengo,1,2,1.04,1.04,1.28,3.55,1.92,1.99,3.1,1.35,3
538,Chapecoense,Coritiba,1,0,1.08,1.08,1.42,2.85,2.25,1.63,4.0,1.23,1
539,São Paulo,Figueirense,3,1,1.06,1.06,1.3,3.35,2.05,1.89,3.2,1.32,4
540,Athletico-PR,Internacional,2,1,1.11,1.11,1.5,2.5,2.5,1.5,5.0,1.17,3
541,Cruzeiro,Botafogo,0,2,1.03,1.03,1.21,4.25,1.74,2.25,2.6,1.48,2
542,Santos,Corinthians,2,1,1.09,1.09,1.42,2.85,2.25,1.63,4.15,1.22,3
543,Sport Recife,Santa Cruz,5,3,1.07,1.07,1.38,3.0,2.19,1.77,3.8,1.25,8
544,Grêmio,Palmeiras,0,0,1.05,1.05,1.3,3.35,1.98,1.94,3.2,1.33,0
545,Ponte Preta,América-MG,1,1,1.07,1.07,1.35,3.2,2.07,1.84,3.55,1.27,2
546,Fluminense,Atlético Mineiro,4,2,1.04,1.04,1.23,4.0,1.84,2.16,2.85,1.4,6
547,Botafogo,Santos,0,1,1.06,1.06,1.3,3.55,2.0,1.96,3.2,1.33,1
548,Figueirense,América-MG,2,2,1.11,1.11,1.5,2.5,2.5,1.5,5.0,1.17,4
549,Ponte Preta,Grêmio,3,0,1.1,1.1,1.45,2.67,2.42,1.62,4.5,1.19,3
550,Santa Cruz,Athletico-PR,1,0,1.08,1.08,1.45,2.75,2.31,1.66,4.25,1.21,1
551,Coritiba,Corinthians,1,1,1.09,1.09,1.45,2.67,2.35,1.57,4.4,1.2,2
552,Palmeiras,Flamengo,1,1,1.06,1.06,1.3,3.35,2.02,1.92,3.35,1.3,2
553,Atlético Mineiro,Sport Recife,1,0,1.03,1.03,1.19,4.5,1.67,2.3,2.42,1.52,1
554,Fluminense,Chapecoense,1,2,1.07,1.07,1.38,3.1,2.13,1.8,3.7,1.26,3
555,Internacional,Vitória,0,1,1.05,1.05,1.28,3.55,1.91,2.01,3.1,1.35,1
556,São Paulo,Cruzeiro,1,0,1.07,1.07,1.38,3.0,2.23,1.75,3.8,1.25,1
557,Corinthians,Palmeiras,0,2,1.08,1.08,1.42,2.85,2.25,1.7,4.15,1.22,2
558,Flamengo,Figueirense,2,0,1.04,1.04,1.25,3.9,1.86,2.08,2.85,1.4,2
559,Athletico-PR,São Paulo,1,0,1.11,1.11,1.5,2.5,2.5,1.62,5.0,1.17,1
560,Chapecoense,Ponte Preta,2,2,1.09,1.09,1.42,2.85,2.42,1.72,4.1,1.23,4
561,Cruzeiro,Atlético Mineiro,1,1,1.05,1.05,1.28,3.55,1.96,2.02,3.2,1.33,2
562,Grêmio,Fluminense,0,1,1.08,1.08,1.4,3.0,2.26,1.69,3.9,1.24,1
563,Sport Recife,Coritiba,0,1,1.07,1.07,1.35,3.1,2.21,1.76,3.7,1.26,1
564,Santos,Santa Cruz,3,2,1.04,1.04,1.25,3.9,1.98,2.06,2.85,1.4,5
565,Vitória,Botafogo,0,1,1.05,1.05,1.28,3.55,2.02,2.02,3.1,1.35,1
566,América-MG,Internacional,1,0,1.09,1.09,1.43,2.75,2.49,1.65,4.15,1.22,1
567,Palmeiras,Coritiba,2,1,1.04,1.04,1.28,3.55,1.94,2.02,3.1,1.35,3
568,Sport Recife,Santos,1,0,1.07,1.07,1.35,3.1,2.2,1.74,3.7,1.26,1
569,América-MG,Botafogo,1,0,1.07,1.07,1.38,3.0,2.21,1.76,3.8,1.25,1
570,Athletico-PR,Ponte Preta,3,0,1.12,1.12,1.52,2.42,2.6,1.48,5.25,1.16,3
571,Figueirense,Santa Cruz,3,1,1.09,1.09,1.43,2.75,2.35,1.57,4.25,1.21,4
572,Flamengo,Cruzeiro,2,1,1.05,1.05,1.3,3.55,1.98,1.99,3.2,1.33,3
573,Grêmio,Chapecoense,1,0,1.07,1.07,1.38,3.0,2.19,1.75,3.8,1.25,1
574,Vitória,São Paulo,2,0,1.07,1.07,1.35,3.1,2.16,1.76,3.7,1.26,2
575,Atlético Mineiro,Internacional,3,1,1.06,1.06,1.3,3.35,2.0,1.91,3.2,1.32,4
576,Fluminense,Sport Recife,3,1,1.07,1.07,1.35,3.1,2.11,1.82,3.7,1.26,4
577,Chapecoense,Vitória,1,4,1.07,1.07,1.35,3.2,2.17,1.79,3.55,1.27,5
578,Santos,Athletico-PR,2,0,1.08,1.08,1.38,3.0,2.25,1.74,3.9,1.24,2
579,São Paulo,Flamengo,0,0,1.07,1.07,1.35,3.1,2.17,1.79,3.55,1.27,0
580,São Paulo,Flamengo,0,0,1.07,1.07,1.35,3.1,2.17,1.79,3.55,1.27,0
581,Ponte Preta,Atlético Mineiro,1,2,1.05,1.05,1.3,3.35,2.0,1.95,3.2,1.33,3
582,Cruzeiro,Grêmio,1,0,1.06,1.06,1.35,3.1,2.13,1.8,3.55,1.27,1
583,Internacional,Figueirense,1,0,1.07,1.07,1.35,3.2,2.14,1.83,3.55,1.27,1
584,Santa Cruz,Palmeiras,2,3,1.07,1.07,1.35,3.2,2.16,1.78,3.55,1.28,5
585,Coritiba,América-MG,3,0,1.07,1.07,1.35,3.2,2.28,1.76,3.55,1.27,3
586,Athletico-PR,Chapecoense,3,1,1.1,1.1,1.55,2.38,2.67,1.48,5.5,1.16,4
587,Vitória,Grêmio,0,1,1.07,1.07,1.38,3.0,2.14,1.79,3.8,1.25,1
588,Corinthians,Atlético Mineiro,0,0,1.05,1.05,1.3,3.35,2.0,1.93,3.2,1.33,0
589,Santos,Fluminense,2,1,1.07,1.07,1.35,3.1,2.08,1.86,3.7,1.26,3
590,Sport Recife,São Paulo,1,1,1.09,1.09,1.43,2.75,2.3,1.7,4.25,1.21,2
591,Internacional,Coritiba,1,0,1.1,1.1,1.5,2.5,2.5,1.5,5.0,1.17,1
592,Cruzeiro,Ponte Preta,2,0,1.05,1.05,1.28,3.55,2.02,2.09,3.1,1.35,2
593,América-MG,Palmeiras,0,2,1.05,1.05,1.28,3.55,1.98,1.97,3.1,1.35,2
594,Figueirense,Botafogo,0,1,1.09,1.09,1.45,2.67,2.38,1.66,4.5,1.2,1
595,Flamengo,Santa Cruz,3,0,1.02,1.02,1.2,4.5,1.72,2.3,2.42,1.52,3
596,Chapecoense,Sport Recife,3,0,1.07,1.07,1.35,3.1,2.12,1.83,3.7,1.26,3
597,Coritiba,Figueirense,0,0,1.08,1.08,1.38,3.0,2.23,1.72,3.8,1.25,0
598,Botafogo,Internacional,1,0,1.09,1.09,1.45,2.67,2.47,1.68,4.5,1.2,1
599,Santa Cruz,Corinthians,2,4,1.06,1.06,1.33,3.2,2.06,1.84,3.35,1.3,6
600,Atlético Mineiro,América-MG,3,0,1.03,1.03,1.21,4.25,1.73,2.25,2.6,1.48,3
601,Palmeiras,Cruzeiro,0,0,1.05,1.05,1.28,3.55,2.08,1.94,3.1,1.35,0
602,Ponte Preta,Vitória,2,0,1.05,1.05,1.3,3.55,1.93,1.98,3.1,1.35,2
603,Fluminense,Flamengo,1,2,1.07,1.07,1.38,3.0,2.21,1.72,3.8,1.25,3
604,Grêmio,Athletico-PR,1,0,1.09,1.09,1.48,2.6,2.47,1.62,4.65,1.18,1
605,São Paulo,Santos,0,1,1.09,1.09,1.42,2.85,2.26,1.72,4.15,1.22,1
606,Athletico-PR,Coritiba,2,0,1.12,1.12,1.57,2.35,2.75,1.45,5.75,1.15,2
607,Botafogo,Atlético Mineiro,3,2,1.07,1.07,1.35,3.1,2.12,1.8,3.7,1.26,5
608,Cruzeiro,Chapecoense,0,0,1.05,1.05,1.3,3.35,2.01,1.9,3.2,1.32,0
609,Figueirense,Palmeiras,1,2,1.07,1.07,1.38,3.1,2.17,1.77,3.7,1.26,3
610,Internacional,Flamengo,2,1,1.1,1.1,1.5,2.5,2.5,1.59,5.0,1.17,3
611,Corinthians,América-MG,2,0,1.04,1.04,1.25,3.8,1.83,2.08,2.85,1.4,2
612,Ponte Preta,Santa Cruz,3,0,1.05,1.05,1.3,3.35,1.98,1.94,3.2,1.33,3
613,Santos,Grêmio,1,1,1.07,1.07,1.38,3.0,2.17,1.75,3.8,1.25,2
614,Sport Recife,Vitória,1,0,1.05,1.05,1.28,3.7,2.04,1.89,3.0,1.38,1
615,Fluminense,São Paulo,1,2,1.08,1.08,1.4,3.0,2.29,1.68,3.9,1.24,3
616,Santa Cruz,Botafogo,0,1,1.06,1.06,1.3,3.55,2.06,1.91,3.2,1.33,1
617,São Paulo,Ponte Preta,2,0,1.08,1.08,1.42,2.85,2.28,1.71,4.0,1.23,2
618,Flamengo,Corinthians,2,2,1.06,1.06,1.33,3.2,2.04,1.89,3.55,1.28,4
619,Grêmio,Internacional,0,0,1.11,1.11,1.52,2.42,2.6,1.48,5.5,1.15,0
620,Palmeiras,Sport Recife,2,1,1.03,1.03,1.24,3.9,1.82,2.1,2.75,1.43,3
621,Vitória,Cruzeiro,0,1,1.06,1.06,1.33,3.2,2.09,1.82,3.55,1.28,1
622,Coritiba,Fluminense,1,1,1.09,1.09,1.43,2.75,2.25,1.63,4.25,1.21,2
623,Atlético Mineiro,Figueirense,3,0,1.03,1.03,1.24,3.9,1.82,2.09,2.75,1.43,3
624,Chapecoense,Santos,0,1,1.08,1.08,1.4,3.0,2.29,1.73,3.9,1.24,1
625,América-MG,Athletico-PR,1,0,1.12,1.12,1.55,2.38,2.6,1.63,5.5,1.16,1
626,Sport Recife,Ponte Preta,1,0,1.07,1.07,1.38,3.0,2.17,1.8,3.8,1.25,1
627,Fluminense,Vitória,2,2,1.03,1.03,1.23,4.1,1.83,2.08,2.75,1.43,4
628,Athletico-PR,Cruzeiro,1,0,1.1,1.1,1.5,2.5,2.5,1.5,5.0,1.17,1
629,Atlético Mineiro,Flamengo,2,2,1.04,1.04,1.24,3.9,1.9,2.03,2.85,1.4,4
630,Corinthians,Chapecoense,1,1,1.06,1.06,1.35,3.2,2.11,1.82,3.55,1.28,2
631,Botafogo,Coritiba,0,0,1.08,1.08,1.4,2.85,2.26,1.7,4.0,1.23,0
632,Internacional,Santa Cruz,1,1,1.05,1.05,1.3,3.35,2.02,1.93,3.2,1.32,2
633,Figueirense,Grêmio,0,0,1.09,1.09,1.48,2.6,2.38,1.55,4.5,1.2,0
634,Santos,Palmeiras,1,0,1.06,1.06,1.33,3.35,2.13,1.84,3.35,1.3,1
635,América-MG,São Paulo,1,0,1.09,1.09,1.45,2.67,2.4,1.69,4.5,1.2,1
636,Flamengo,Botafogo,0,0,1.06,1.06,1.35,3.2,2.11,1.83,3.55,1.28,0
637,São Paulo,Corinthians,4,0,1.09,1.09,1.43,2.75,2.33,1.65,4.25,1.21,4
638,São Paulo,Corinthians,4,0,1.09,1.09,1.43,2.75,2.33,1.65,4.25,1.21,4
639,Cruzeiro,Fluminense,4,2,1.07,1.07,1.38,3.1,2.12,1.79,3.7,1.26,6
640,Palmeiras,Internacional,1,0,1.08,1.08,1.4,2.85,2.28,1.7,4.0,1.23,1
641,Santa Cruz,América-MG,1,0,1.06,1.06,1.33,3.35,2.05,1.85,3.35,1.3,1
642,Vitória,Athletico-PR,3,2,1.08,1.08,1.4,3.0,2.25,1.71,3.9,1.24,5
643,Chapecoense,Figueirense,1,0,1.09,1.09,1.48,2.6,2.42,1.6,4.65,1.18,1
644,Coritiba,Atlético Mineiro,2,0,1.06,1.06,1.33,3.35,2.02,1.9,3.2,1.32,2
645,Grêmio,Sport Recife,0,3,1.09,1.09,1.42,2.85,2.36,1.71,4.15,1.22,3
646,Fluminense,Athletico-PR,1,1,1.07,1.07,1.35,3.2,2.14,1.82,3.55,1.27,2
647,Botafogo,Chapecoense,0,2,1.08,1.08,1.4,3.0,2.26,1.72,4.0,1.23,2
648,Coritiba,Santa Cruz,1,0,1.04,1.04,1.26,3.7,1.83,2.08,3.0,1.38,1
649,América-MG,Flamengo,0,1,1.05,1.05,1.3,3.35,2.02,1.94,3.2,1.33,1
650,Figueirense,Corinthians,1,1,1.08,1.08,1.42,2.85,2.33,1.66,4.1,1.23,2
651,Sport Recife,Cruzeiro,0,1,1.08,1.08,1.38,3.0,2.25,1.73,3.9,1.25,1
652,Santos,Vitória,3,2,1.02,1.02,1.19,4.5,1.69,2.35,2.42,1.52,5
653,São Paulo,Grêmio,1,1,1.1,1.1,1.48,2.6,2.42,1.64,4.65,1.18,2
654,Atlético Mineiro,Palmeiras,1,1,1.05,1.05,1.28,3.55,1.92,2.07,3.1,1.35,2
655,Internacional,Ponte Preta,1,1,1.08,1.08,1.42,2.85,2.35,1.68,4.15,1.22,2
656,Athletico-PR,Sport Recife,2,0,1.08,1.08,1.43,2.75,2.3,1.6,4.25,1.21,2
657,Cruzeiro,Santos,2,2,1.05,1.05,1.28,3.55,2.06,1.94,3.1,1.35,4
658,Grêmio,América-MG,3,0,1.06,1.06,1.35,3.1,2.08,1.9,3.55,1.3,3
659,Palmeiras,Botafogo,1,0,1.05,1.05,1.3,3.35,2.01,1.93,3.2,1.33,1
660,Ponte Preta,Fluminense,1,0,1.05,1.05,1.3,3.35,2.04,1.9,3.2,1.33,1
661,Vitória,Figueirense,4,0,1.05,1.05,1.28,3.7,1.9,2.04,3.0,1.38,4
662,Chapecoense,São Paulo,2,0,1.1,1.1,1.48,2.6,2.42,1.61,4.65,1.18,2
663,Flamengo,Coritiba,2,2,1.05,1.05,1.28,3.55,1.9,2.01,3.1,1.35,4
664,Santa Cruz,Atlético Mineiro,3,3,1.03,1.03,1.22,4.25,1.74,2.19,2.67,1.45,6
665,Corinthians,Internacional,1,0,1.09,1.09,1.48,2.6,2.42,1.65,4.8,1.18,1
666,América-MG,Sport Recife,2,2,1.08,1.08,1.4,3.0,2.2,1.73,3.9,1.24,4
667,Botafogo,Ponte Preta,1,1,1.07,1.07,1.35,3.1,2.11,1.8,3.7,1.26,2
668,Corinthians,Athletico-PR,0,0,1.08,1.08,1.4,2.85,2.25,1.63,4.1,1.23,0
669,Atlético Mineiro,São Paulo,1,2,1.05,1.05,1.28,3.7,1.9,2.03,3.0,1.38,3
670,Flamengo,Santos,2,0,1.05,1.05,1.28,3.7,1.95,2.0,3.1,1.35,2
671,Internacional,Cruzeiro,1,0,1.08,1.08,1.4,2.85,2.2,1.74,4.0,1.23,1
672,Palmeiras,Chapecoense,1,0,1.05,1.05,1.3,3.35,2.0,1.93,3.2,1.33,1
673,Figueirense,Fluminense,1,0,1.08,1.08,1.38,3.0,2.23,1.71,3.8,1.25,1
674,Santa Cruz,Grêmio,5,1,1.05,1.05,1.3,3.35,2.01,1.95,3.2,1.33,6
